r r r r b b
53 718 16.533333 19.1 0 0
50 678 15.358334 14.2 0 0
96 726 15.395833 15.9 1 0
1 501 17.279167 20.9 0 0
108 567 16.533333 20.9 1 0
151 527 16.241667 19.700001 1 0
201 560 16.375 24.5 1 0
282 569 15.891666 22.5 1 0
26 635 17.112499 21.200001 1 0
61 610 16.887501 21.5 1 0
292 657 15.895833 23.799999 1 0
142 574 16.679167 24.700001 1 0
354 907 14.516666 19.4 0 0
18 677 16.741667 19.9 0 0
279 859 15.783334 23.9 0 0
134 681 16.725 23.6 0 0
108 874 15.475 19.299999 0 0
452 1036 14.6125 24.1 1 0
157 526 16.799999 25.200001 1 0
142 523 16.8125 22.6 1 0
261 541 16.5625 25.700001 0 0
32 477 17.654167 21.9 0 0
251 595 16.366667 25.9 1 0
137 527 16.891666 26.200001 1 0
377 576 15.9375 29 0 0
307 558 16.308332 27.200001 1 0
244 774 16.433332 25.9 1 0
246 674 16.545834 25.6 0 0
299 631 16.283333 28 0 0
234 552 16.695833 29.1 1 0
333 880 15.670834 26.200001 1 0
316 670 15.8625 27.6 1 0
24 549 17.745832 22 0 0
23 556 17.775 21.5 0 0
424 611 16.133333 29 0 0
61 537 17.858334 25.6 0 0
395 556 16.0375 30.4 0 0
297 510 16.479166 30.1 1 0
385 508 15.554167 29.299999 1 0
112 981 14.245833 15.1 0 0
143 1099 14.1875 15.5 0 0
31 981 15.1375 17.6 1 0
229 1028 15.233334 24.200001 1 1
39 1216 14.441667 18.299999 1 0
6 1078 14.7875 17.5 1 0
333 1191 14 23.700001 1 1
636 1337 12.616667 23.299999 1 0
167 1419 14.258333 16.5 1 0
199 1370 13.745833 17.799999 1 1
313 1157 13.675 22.9 1 1
853 1439 11.045834 22.5 1 1
361 1261 12.941667 17.4 0 0
234 1303 13.7125 17 1 0
493 1257 12.383333 19.6 0 0
514 1289 12.5625 20.4 0 0
157 1049 13.533334 16.799999 0 0
1176 1513 10.104167 22.9 1 1
826 931 12.208333 25.9 1 0
521 1109 13.483334 26.299999 1 0
738 1233 12.3375 25 1 0
461 751 13.5375 27.4 1 1
569 810 13.204166 27 1 1
1139 1219 9.329166 24 0 1
569 994 12.670834 26 1 1
1335 1065 8.3 25.6 1 1
867 875 10.891666 27.1 1 1
533 1026 12.054167 21.5 0 1
567 996 12.116667 23.1 0 1
654 926 11.4125 23 1 1
861 893 10.683333 25.299999 1 1
234 981 13.1625 18.799999 0 0
116 855 13.716666 19.6 1 0
840 635 12.3875 28.4 0 0
745 538 12.004167 28.6 1 0
1135 716 9.5375 27.9 1 1
808 561 11.341666 28.5 1 0
1342 1021 7.883333 24.6 1 1
1112 769 9.508333 27 0 1
242 880 12.95 19.799999 0 1
82 1459 10.125 13.9 0 0
116 1281 8.795834 15.5 0 1
172 1466 9.604167 14.7 0 1
137 1483 9.904166 14.4 0 0
147 1316 9.691667 15.9 0 1
189 1396 9.5875 15.4 0 1
60 1161 9.804167 16.1 0 1
40 1171 10.133333 16 0 1
18 1220 9.858334 14.9 0 1
111 1246 8.929167 15.9 0 1
111 1198 9.233334 16.1 0 1
176 1452 8.2625 15.5 0 0
25 1271 9.0875 16 0 1
120 1246 8.541667 15.8 0 1
170 1344 8.279166 16.4 0 1
95 1431 8.679167 15 0 0
34 1161 9.083333 14.5 0 0
163 1100 9.525 16 0 0
78 1141 10.095834 15.3 0 0
83 1172 9.808333 15.9 0 0
55 1084 10.166667 14.8 0 0
174 1089 8.929167 17.1 0 1
49 988 9.941667 16.700001 0 1
63 888 9.170834 17.5 0 1
97 990 9.375 17 0 1
100 1159 8.75 16.799999 0 1
80 1057 9.15 17 0 1
57 1098 8.966666 17 0 1
44 933 9.158334 17.299999 0 1
261 1144 7.570833 17.1 0 0
139 1020 8.354167 17.299999 0 1
58 958 8.5625 17.4 0 0
33 915 8.991667 17.5 0 0
58 1413 8.508333 16 0 0
90 1175 8.2 16.799999 0 0
49 1052 9.925 16.700001 0 1
69 844 9.183333 17.799999 0 0
95 939 9.3125 17.9 0 0
348 1144 8.016666 17.5 0 1
81 995 9.575 16.9 0 0
147 977 8.541667 17.4 0 1
75 865 9.058333 17.4 0 0
22 879 9.354167 17.200001 0 1
66 800 9.4 17.4 0 0
108 1733 8.354167 15.6 0 1
109 1298 7.741667 15 0 0
153 1598 7.754167 15.8 0 1
79 1698 8.3 16 0 1
164 737 16.991667 21.299999 0 0
272 728 16.570833 24.1 1 0
323 808 16.25 22.1 0 0
281 626 17.066668 31.5 1 0
82 607 17.833334 28.6 0 0
578 590 15.3375 32.400002 0 0
509 641 15.854167 32.200001 0 0
672 513 14.395833 31.4 0 0
319 467 16.445833 31.799999 1 0
262 403 16.15 30.200001 0 0
728 732 14.875 26.1 1 0
23 613 17.970833 21.1 1 0
277 550 17.216667 23.700001 1 0
175 635 17.608334 31.299999 1 0
416 669 16.445833 28.299999 1 0
306 578 17.308332 30.6 0 0
545 596 16.054167 28.700001 1 0
477 556 15.891666 33 1 0
538 645 15.85 32.700001 1 0
764 557 14.529166 33.299999 1 0
304 554 17.233334 31.9 1 0
889 466 13.05 32.200001 0 0
708 475 14.354167 33.099998 0 0
378 370 15.483334 31.1 0 0
388 428 16.637501 25.6 1 0
606 390 15.6125 27.1 1 0
740 503 15.1125 30.1 1 0
764 478 15.220834 31.1 1 0
1301 590 12.3625 31.5 1 0
699 500 14.920834 33.099998 1 0
551 518 16.174999 32.200001 1 0
840 476 14.154166 32.5 1 0
622 447 15.645833 31.5 1 0
804 445 13.495833 32.299999 0 0
631 423 14.616667 33.299999 0 0
665 422 14.1375 32 0 0
510 390 14.958333 31.5 0 0
748 442 13.45 31.4 1 0
150 266 17.5375 22.799999 1 0
135 248 17.5625 22.1 0 0
940 464 13.9875 30.6 1 0
1561 627 10.883333 31 1 0
1025 461 13.291667 29.5 1 0
567 342 15.633333 26.200001 1 0
846 448 13.9625 31.799999 1 0
939 471 13.729167 31.5 1 0
836 446 13.545834 32 0 0
126 307 17.666666 27.1 0 0
582 425 15.1125 27.700001 1 0
110 306 17.725 28.299999 1 0
812 439 12.970834 29.4 1 0
686 457 13.7 26.4 1 0
786 482 13.645833 27.299999 1 0
1170 520 10.666667 29.4 1 0
1258 560 10.220834 27 1 0
727 529 14.391666 26.4 1 0
4 327 18.3375 25.4 1 0
27 444 17.441668 22.700001 1 0
125 458 17.279167 24.4 1 0
281 459 15.704166 23.4 1 0
1105 574 10.983334 29.200001 0 0
856 412 11.533334 29.299999 0 0
840 431 11.941667 29.4 0 0
774 491 11.6375 29 0 0
704 406 12.066667 29.200001 0 0
1026 860 9.558333 24.5 1 1
939 593 10.704166 28.5 0 0
69 848 13.716666 17.799999 1 0
1566 604 8.495833 29.5 0 0
766 386 12.966666 29.799999 1 0
751 373 12.241667 29.4 0 0
965 419 11.408334 28.799999 1 0
789 486 11.654166 28.700001 0 0
806 503 11.608334 28.4 0 0
769 431 12.1 29.4 0 0
1307 904 8.095834 24.6 1 1
931 602 10.658334 27.4 1 0
1018 875 9.475 23 1 1
1086 730 9.4875 25.700001 1 0
108 836 13.629167 17.9 1 1
185 855 13.466666 18.6 1 1
664 429 13.745833 29.5 1 0
818 457 12.629167 29.9 1 0
943 473 11.354167 28.299999 1 0
1585 618 8.045834 28.1 1 0
1392 591 8.841666 28.700001 1 0
926 465 11.608334 28.700001 1 0
846 544 10.908334 26.9 1 0
838 467 11.5125 28.299999 1 0
1392 738 7.9125 26.700001 1 0
998 520 10.558333 28.200001 0 0
793 909 10.433333 21.299999 1 1
942 755 9.9125 24 1 0
570 997 11.4875 20.1 1 1
757 799 10.770833 23 1 1
173 1148 13.329166 17 1 0
12 1003 11.65 16.9 0 1
8 907 11.729167 17.9 1 0
39 950 11.708333 17.700001 0 0
1233 551 9.904166 30.299999 0 0
1081 508 10.504167 29.4 0 0
1014 483 11.025 29.5 1 0
1234 539 9.516666 29.4 1 0
1066 665 9.7625 27.1 1 0
1145 578 9.891666 29.200001 1 0
566 544 12.3125 27.6 1 0
1087 576 9.958333 29.1 1 0
603 1067 11.429167 20.700001 1 1
633 796 11.554167 23.299999 1 1
452 1193 12.370833 21.5 1 1
778 910 10.720834 25 1 0
183 1264 13.395833 17.299999 1 0
2 850 12.083333 19.799999 1 0
15 854 11.683333 18.700001 1 1
6 854 11.841666 19 1 0
29 785 11.520833 20.299999 1 1
16 818 11.7375 20.1 1 1
1485 596 8.404166 28.700001 1 0
1378 572 8.970834 26.700001 1 0
769 417 11.55 28 1 0
1090 476 9.9125 27.799999 0 0
685 403 11.9875 27.200001 1 0
1068 483 10.020833 26.299999 1 0
371 594 13.004167 27.4 1 0
431 419 13.183333 28.200001 1 0
648 613 11.120833 26.6 1 1
300 381 13.991667 28.299999 1 0
751 1201 10.158334 23.9 1 1
626 977 11.104167 26 1 1
575 1046 10.7625 24.299999 1 1
738 807 10.279166 25.700001 1 1
10 1261 13.433333 21.4 1 0
20 1313 13.691667 20.700001 1 0
88 1079 12.645833 24.5 1 0
85 1054 12.941667 24.1 1 0
20 1042 12.883333 22.1 1 0
28 1157 13.029166 22.4 1 0
38 956 12.645833 23.6 1 0
54 1034 12.7125 24.299999 1 0
5 833 12.7125 20.4 1 0
15 979 12.8375 21.9 1 0
39 851 12.491667 22.4 1 0
21 888 12.6625 22.799999 1 0
73 798 11.7625 21.1 1 0
4 805 12.620833 20.299999 1 0
175 781 11.216666 22.299999 1 0
13 778 12.429167 22 1 1
52 745 11.3625 21.799999 1 1
35 772 11.704166 21.5 1 0
55 675 11.375 22.799999 1 1
145 735 11.158334 22.6 1 1
1100 586 10.716666 25.4 1 0
208 379 14.966666 27.5 1 0
541 451 13.383333 26.4 1 0
991 709 8.95 25.4 1 0
346 406 13.329166 27.700001 1 0
749 959 9.620833 24.200001 1 1
1369 980 6.7 24.299999 1 1
99 924 12.529166 25.5 1 1
169 909 12.35 24.9 1 0
21 888 12.670834 24.6 1 0
95 930 12.383333 25.200001 1 0
30 845 12.420834 23.799999 1 0
83 887 12.2375 24.1 1 1
134 746 11.333333 23.6 1 1
148 834 11.508333 23.6 1 1
69 686 11.279166 23.700001 1 1
54 688 11.6 23.6 1 1
133 1118 9.708333 16.4 0 0
64 1077 9.841666 16.299999 0 0
67 1042 10.258333 17.1 0 0
108 1010 10.1875 17.200001 0 0
32 870 9.816667 17 0 0
32 870 9.816667 17 0 0
110 910 9.516666 16.299999 0 0
47 912 10.1125 17 0 0
48 911 9.720834 15.9 0 0
50 902 9.604167 16.1 0 0
92 1103 8.308333 17.299999 0 0
22 1026 8.929167 17.299999 0 0
49 1091 8.516666 18.1 0 0
17 1515 8.625 16.700001 0 0
192 1441 7.6 17 0 0
69 1486 8.220834 18.200001 0 0
95 1303 8.033334 18.200001 0 1
32 1102 11.158334 16 1 1
40 1111 11.366667 15.9 1 0
63 994 10.333333 16.700001 0 0
28 860 10.029166 18.5 0 0
150 1139 10.404166 17.9 0 0
195 1097 9.720834 17.700001 0 0
66 1022 9.8625 18.299999 0 0
57 876 9.566667 19.1 0 0
225 1291 8.908334 17.200001 0 1
103 1179 10.025 17.799999 0 0
302 1352 8.304167 19.200001 0 1
322 1321 8.454166 19.799999 0 0
376 1252 7.816667 17.700001 0 1
103 1112 9.241667 16.700001 0 1
267 1035 7.995833 18.700001 0 1
260 1214 8.1 18.700001 0 1
62 953 9.416667 16.9 0 0
19 786 9.275 18.6 0 0
30 1088 8.479167 18.4 0 1
58 1007 8.454166 18.799999 0 1
145 1069 8.0375 19.1 0 1
176 1281 7.679167 18.6 0 0
354 1480 6.6875 18.700001 0 1
324 1035 7.066667 19.1 0 0
172 1173 7.775 18.5 0 1
77 1043 10.945833 16.700001 1 1
107 1073 11.016666 16.700001 1 0
139 936 10.725 17.5 1 1
172 980 10.704166 17.6 1 1
1 880 11.366667 17.299999 1 0
32 801 9.933333 19.6 0 0
78 908 11.020833 17.4 1 0
161 889 8.9 20.200001 0 0
149 860 9.120833 19.799999 0 0
127 751 9.358334 20.700001 0 0
27 800 9.895833 20.1 0 0
96 722 9.466666 19.299999 0 0
134 835 9.4125 19.5 0 0
64 645 9.5625 20.299999 0 0
144 693 9.204166 20.6 0 0
62 777 9.1375 19.1 0 0
152 739 8.6125 19.799999 0 1
292 1012 8.5 19.700001 0 0
136 721 9.179167 19.9 0 0
233 1319 8.054167 19 0 1
31 932 9.525 18.9 0 0
213 1028 8.6625 19.4 0 0
355 1154 8.2625 19.6 0 1
342 1093 7.029167 19.6 0 0
298 1236 7.429167 19.5 0 1
181 744 8.020833 19 0 1
341 997 7.4125 19.299999 0 1
265 852 7.158333 20 0 0
343 1000 6.858333 19.700001 0 1
5 689 8.641666 18.5 0 1
98 706 8.120833 18.5 0 1
68 785 11.220834 18.4 1 0
108 821 11.025 18.700001 1 0
22 727 11.358334 18.799999 1 0
64 731 11.154166 20.4 1 0
11 867 11.6875 17.700001 1 1
9 851 11.270833 16.700001 1 0
129 768 9.575 20.799999 0 0
33 819 10.45 20.4 0 0
105 681 9.745833 22.1 0 0
10 718 10.133333 21.200001 0 0
129 622 9.3375 21 0 0
94 676 9.716666 20.6 0 0
52 586 9.929167 21.799999 0 0
57 643 10.075 22 0 0
89 669 9.504167 21.1 0 0
101 636 9.483334 21.5 0 0
38 585 9.6375 21.5 0 0
39 570 9.708333 21.6 0 0
12 612 9.341666 19.1 0 1
27 616 9.6375 20 0 1
10 693 9.5875 19.1 0 0
19 611 9.483334 20.200001 0 0
63 674 8.75 18.9 0 0
254 793 7.970833 19 0 1
134 858 8.908334 18.9 0 1
94 755 10.95 20.200001 1 1
88 738 11.004167 21.6 1 1
187 760 10.170834 21.4 1 1
98 721 10.854167 22.5 1 1
12 814 11.429167 17.5 1 1
127 798 10.816667 19.200001 1 1
18 712 10.841666 19.700001 1 0
183 757 10.0875 20.6 1 1
217 760 9.9 22.700001 1 1
110 734 10.704166 23.299999 1 1
208 1875 7.9125 17 0 1
123 1747 8.316667 16.9 0 1
385 2037 6.670833 18.700001 0 1
274 1914 7.333333 18.4 0 0
372 1477 6.445833 18 0 1
354 1790 6.558333 18.700001 0 1
82 1073 8.3625 16.4 0 1
255 1263 7.170833 17.299999 0 1
572 1650 5.3 20.4 0 1
187 1399 7.6125 19 0 0
149 817 7.545833 19.9 0 1
160 814 7.754167 19.6 0 1
101 808 7.591667 19.6 0 1
620 1434 4.825 21 0 1
156 748 7.445833 19.4 0 1
657 1122 4.645833 20 0 1
146 912 7.495833 16.799999 0 1
171 863 7.329167 18.4 0 1
109 832 7.175 16.700001 0 1
211 826 6.895833 17.700001 0 0
159 970 6.758333 15.5 0 0
52 691 8.0625 19 0 1
39 668 8.220834 19.4 0 0
104 792 8.0125 18 0 1
183 791 7.395833 18.6 0 1
17 814 8.425 17.799999 0 0
15 786 8.429167 18 0 0
0 461 17.195833 23.200001 1 0
308 528 15.4 24.200001 1 0
255 443 14.920834 27.9 1 0
572 547 13.479167 26.200001 1 0
692 688 10.845834 26.6 0 0
254 437 14.1375 29.200001 1 0
594 883 10.504167 24.9 1 1
1636 1120 5.420833 23.6 1 1
129 818 12.370833 25.5 1 1
205 820 12.175 25.299999 1 0
73 866 12.441667 25.1 1 1
49 825 12.633333 25.4 1 0
107 872 11.966666 24.6 1 0
123 893 12.033334 24.700001 1 0
656 642 12.829166 25.200001 1 0
201 580 15.616667 24.1 1 0
150 593 15.754167 21.700001 1 0
911 860 10.120833 25.700001 1 1
264 517 14.441667 27.9 1 0
1109 896 9.35 24.299999 1 1
606 676 12.783334 24.5 1 0
401 794 11.7875 25.700001 1 1
2249 1353 2.466667 22.6 1 1
397 772 12.041667 25.6 1 1
1740 1193 5.3125 23.1 1 1
109 752 12.508333 25.6 1 0
209 760 12.266666 25.6 1 0
124 742 12.841666 26.1 1 1
159 698 12.7625 26 1 1
151 868 12.191667 25.4 1 0
115 792 12.433333 25.5 1 0
211 840 12.266666 25.799999 1 1
231 810 12.283334 25.9 1 0
274 970 11.1875 24.799999 1 1
181 933 11.854167 25.200001 1 0
361 1050 10.8625 25.1 1 1
367 991 11.079166 25.299999 1 1
120 742 11.383333 24.299999 1 1
171 853 11.383333 24.700001 1 1
130 747 11.229167 24.5 1 1
332 929 10.5875 24.700001 1 1
139 683 11.045834 24.200001 1 1
104 701 11.395833 24.200001 1 1
91 650 11.108334 24.4 1 1
155 711 10.954166 24.299999 1 1
10 619 16.674999 21.299999 1 0
1228 950 9.054167 23.1 1 1
654 731 12.866667 22.9 1 0
336 763 14.008333 23.5 1 1
101 726 15.533334 22.5 1 0
342 779 12.6125 25.4 1 0
1262 1008 8.245833 23.5 1 1
177 676 14.020833 25.700001 1 0
143 639 14.670834 25.1 1 1
321 773 12.304167 26.4 1 1
201 758 12.983334 26.1 1 1
686 786 11.083333 26.5 1 0
837 856 10.304167 25.4 1 1
604 859 10.333333 25.6 1 0
411 793 11.720834 26.299999 1 1
955 838 8.483334 25.200001 1 1
644 756 10.991667 26.6 1 1
803 965 8.441667 24.5 1 1
627 899 9.745833 25.200001 1 1
868 840 8.016666 24.5 1 1
999 865 7.6 24.6 1 1
201 736 10.95 24.700001 1 1
429 847 10.058333 24.799999 1 1
212 740 10.904166 25.1 1 1
456 769 9.891666 25.200001 1 1
130 668 10.933333 24.6 1 1
137 689 11.0625 24.6 1 1
176 699 10.816667 24.6 1 1
230 741 10.6625 24.700001 1 1
178 614 14.966666 22.9 1 0
93 579 15.725 21.700001 1 0
19 644 14.754167 26.200001 1 0
762 768 10.654166 26.5 1 0
266 707 13.304167 26.6 1 0
335 744 12.245833 27.299999 1 0
25 746 13.941667 27 1 0
969 768 8.283334 25.4 1 0
816 754 9.916667 26.4 1 0
946 750 8.104167 25.700001 1 1
887 809 8.829166 25.700001 1 1
388 640 10.654166 26.5 1 1
500 645 10.3625 26.4 1 1
722 779 8.8 25.799999 1 1
977 800 7.5875 25.299999 1 1
230 749 10.729167 25.299999 1 1
286 725 10.770833 26.299999 1 1
309 766 10.65 24.9 1 1
308 735 10.766666 26.1 1 1
263 723 10.429167 24.700001 1 1
286 760 10.316667 24.6 1 1
259 749 10.516666 24.799999 1 1
468 832 9.708333 24 1 1
3 584 14.345834 26.4 0 0
164 762 13.004167 27.799999 1 0
1 669 14.1625 27.200001 1 0
636 825 10.2375 26.4 1 1
164 626 13.175 26.9 1 0
613 851 9.820833 27 1 1
265 816 12.120833 27.700001 1 1
961 1025 7.808333 26.700001 1 1
695 891 9.6 26.9 1 1
519 829 9.870833 26.700001 1 1
767 894 8.7 26.4 1 1
265 867 11.145833 27.9 1 1
450 956 10.45 28.299999 1 1
341 799 10.4 25.4 1 1
530 860 9.545834 25.700001 1 1
196 822 10.9875 26.700001 1 1
240 846 10.958333 27.200001 1 1
381 821 9.708333 25 1 1
424 826 9.845834 25 1 1
308 824 10 25.5 1 1
183 797 10.920834 26.5 1 1
88 667 14.625 23.299999 1 0
549 768 11.079166 26.5 1 1
432 727 12.0625 25.4 1 0
914 1005 8.129167 28 1 1
854 899 8.883333 27.5 1 1
344 915 10.65 28.4 1 1
786 1050 8.55 28.1 1 1
663 1143 8.491667 26 1 1
999 1284 7.025 26.200001 1 1
234 925 10.220834 26.1 1 1
369 1032 9.929167 26 1 1
243 719 9.679167 22.799999 1 1
110 675 10.745833 23.799999 1 1
196 653 10 23 1 0
144 645 10.583333 23.9 1 1
66 691 10.458333 21.799999 1 1
209 710 9.754167 22.299999 1 1
137 702 10.279166 22.5 1 1
141 626 10.05 22.4 1 0
53 708 10.4625 21.200001 1 0
102 696 10.279166 21.299999 1 1
48 654 10.116667 20.9 0 0
1 718 10.316667 20.700001 0 0
42 608 10.125 19.5 0 0
106 650 9.841666 19.4 0 0
97 561 9.2625 21 0 0
40 593 10.058333 21.200001 0 0
33 572 9.916667 20.200001 0 0
10 548 10.1625 20.1 0 0
7 597 9.608334 20.9 0 0
9 569 9.516666 21.299999 0 0
49 645 10.095834 20.4 0 0
44 623 9.808333 20.5 0 0
11 677 9.629167 19.9 0 0
2 629 9.6875 20.5 0 0
153 644 10.416667 23.299999 1 0
125 638 10.733334 24.200001 1 1
79 643 11.045834 24.299999 1 1
88 645 11.0875 24.5 1 1
157 674 9.9375 22.799999 1 1
99 632 10.55 23.1 1 0
85 645 10.354167 23.4 1 1
70 646 10.995833 24.200001 1 1
65 650 10.304167 20.5 1 0
101 666 10.133333 21.6 1 1
129 685 9.758333 21.5 1 0
76 651 10.129167 22.299999 1 0
119 664 9.9875 19.200001 1 0
2 659 10.166667 19.4 0 0
33 674 10.2125 20.4 1 0
3 589 9.866667 19.1 0 0
7 599 9.933333 18.9 0 0
144 644 10.204166 24.6 1 1
193 676 10.470834 24.799999 1 1
109 632 10.275 25.1 1 1
163 688 10.454166 25.1 1 1
104 622 9.941667 23.700001 1 1
179 649 9.85 24.299999 1 1
82 662 10.195833 24.700001 1 1
111 626 10.1375 25 1 1
63 696 9.966666 22.6 1 1
117 678 9.7 23 1 0
174 869 9.541667 23.4 1 1
206 863 9.370833 23.6 1 1
3 734 10.154166 19.9 1 0
25 723 10.133333 21.700001 0 0
3 765 10.1875 21.4 1 0
52 793 10.179167 22.9 1 0
0 725 10.104167 19.1 0 0
1 766 9.716666 20.1 0 0
0 762 9.891666 20.299999 0 0
128 665 10.1875 25.1 1 1
282 748 9.691667 25.1 1 1
332 739 9.116667 24.6 1 1
403 839 9.070833 24.700001 1 1
153 811 9.829166 24.4 1 1
174 708 9.8375 24.799999 1 1
234 892 9.4125 24 1 1
289 745 9.25 24.299999 1 1
234 924 9.208333 23.4 1 1
332 1014 8.75 23.6 1 1
379 1003 8.304167 22.6 1 1
469 1115 7.975 23 1 1
17 792 9.9125 22.299999 1 0
98 817 9.8 23.200001 1 0
34 783 9.608334 22.200001 1 1
116 849 9.554167 22.5 1 1
-2 798 9.4625 21.1 0 0
4 791 9.7125 21.700001 1 1
11 785 9.304167 22.1 0 1
12 770 9.504167 22.1 1 1
0 772 8.916667 19.6 0 0
-3 787 9.154166 20.4 0 1
0 788 8.920834 21.1 1 1
-4 785 9.125 21.5 0 1
1 801 8.7625 20.6 0 0
375 819 8.929167 25 1 1
350 883 9.233334 25.5 1 1
364 878 8.8625 24 0 0
345 633 15.0375 23.5 0 1
57 732 14.866667 22.5 1 0
1036 878 8.9 25.4 1 1
475 789 12.120833 24.700001 1 0
2519 1623 0.0375 22.200001 1 1
1111 903 8.116667 27.6 1 1
1070 1175 7.095833 27.799999 1 1
1242 1180 6.458333 27.6 1 1
1615 1055 6.025 23.9 1 1
286 845 13.166667 24 1 0
2048 1198 3.841667 21.5 1 1
472 829 13.020833 22.6 1 0
2060 1355 2.845833 24.1 1 1
1991 1227 3.658333 23.5 1 1
326 793 12.4125 29.5 1 1
722 798 11.070833 25.6 1 1
2270 1729 0.845833 23.700001 1 1
2310 1632 0.983333 23.5 1 1
1700 1360 3.9375 24.799999 1 1
1697 1268 4.475 24.799999 1 1
609 1012 8.295834 26.6 1 1
1486 1449 4.466667 25.6 1 1
1191 1293 5.404167 24.5 1 1
1349 1251 5.1 25.299999 1 1
389 986 9.420834 26.6 1 1
1030 1327 6.070833 25 1 1
369 806 9.5875 25.200001 1 1
543 946 8.620833 25.6 1 1
99 612 15.916667 21.1 0 0
89 592 15.975 20.299999 0 1
687 783 12.091666 20.4 0 1
234 647 14.475 20.299999 0 0
125 747 14.879167 21.6 0 0
438 818 13.029166 23 1 1
200 736 12.470834 28.200001 1 0
608 799 11.416667 24.1 1 0
105 967 12.895833 28.1 1 0
445 1036 11.6125 24.5 1 0
1285 1200 6.220833 25.1 1 1
270 878 11.508333 29.6 1 1
296 1193 11.225 29.5 1 1
126 1019 12.2375 30.799999 1 0
1445 1523 4.1125 23.1 1 1
2107 1715 0.9125 21.9 1 1
2047 1804 0.8625 21 1 1
1156 1379 6.579167 24.4 1 1
528 1049 8.679167 25.4 1 1
584 1104 8.479167 25.200001 1 1
454 1023 9.125 26.1 1 1
531 1141 8.933333 25.6 1 1
141 515 16.129168 21.799999 0 1
70 539 15.954166 19.799999 0 0
472 685 13.9375 21.799999 0 1
568 713 12.675 20.5 0 1
728 700 12.129167 20 0 0
20 774 15.504167 22.4 0 0
93 762 14.95 22.700001 0 0
325 610 14.470834 20.299999 0 1
105 958 14.370833 24 1 1
455 990 10.908334 28.200001 1 0
525 1011 11.2625 24.5 1 0
97 780 12.783334 31.4 1 0
746 901 9.9125 25 0 0
329 1162 11.779166 28.6 1 1
104 967 12.9375 30 1 1
646 949 10.1875 29.4 1 1
84 869 12.9 31.200001 1 0
1463 1370 4.55 23.5 1 1
1545 1318 4.770833 23.5 1 1
2373 1419 -0.554167 20.200001 1 1
1789 1105 3.404167 23.5 1 1
469 1004 9.241667 26.4 1 1
1149 1297 5.854167 24.700001 1 1
732 1108 7.204167 27.299999 1 1
1517 1187 3.7 24.5 1 1
20 520 15.754167 22.299999 1 1
120 697 15.033334 23.9 1 1
116 593 15.516666 21.299999 0 1
448 700 13.275 25.1 1 1
82 593 14.920834 24.4 1 1
903 893 9.416667 24.200001 1 1
60 845 14.620833 25.9 1 1
668 954 10.454166 25.700001 1 0
302 845 13.4125 27.200001 1 0
21 820 12.908334 30.799999 1 0
544 893 10.841666 27.1 1 0
7 751 13.645833 30 1 0
226 826 12.929167 29.700001 1 0
912 817 8.570833 28.4 1 1
97 834 12.5625 30.700001 1 0
894 832 8.675 28.299999 1 1
83 846 13.1375 29.299999 1 0
2003 1006 1.683333 23.200001 1 1
2286 1007 0.608333 21.299999 1 1
1529 869 4.416667 26.299999 1 1
885 784 8.5 29.700001 1 1
1046 1049 5.775 26.299999 1 0
1695 1041 2.970833 24.6 1 0
1029 1032 6.295833 26.6 1 1
2045 1142 1.0625 23.200001 1 1
62 650 15.704166 23.6 1 1
422 726 12.741667 26.4 1 1
401 641 13.741667 25.799999 1 1
886 909 9.408334 24.5 1 0
569 825 11.320833 26.299999 1 0
1 692 13.679167 28.6 1 0
24 702 13.75 29.299999 0 0
182 954 12.395833 30 1 1
23 882 13.475 28.9 1 0
1370 870 4.95 29.4 0 1
1650 927 4.054167 26.1 1 1
1214 1061 4.958333 27.9 1 0
2082 1195 0.679167 24.299999 1 1
543 987 7.2375 22.299999 1 1
322 734 8.583333 23.6 1 1
290 725 8.783334 23.5 1 1
459 757 7.804167 23.5 1 1
50 796 10.066667 23.4 1 1
239 888 9.166667 22.700001 1 1
272 930 8.758333 23.200001 1 1
141 773 9.5625 23.799999 1 1
16 767 9.5 22.5 1 1
31 781 9.941667 23 1 1
87 813 9.070833 22.6 1 1
75 824 9.6625 23.1 1 1
11 787 8.741667 22.4 1 1
6 773 9.045834 22.4 1 1
-1 779 8.966666 22.5 1 0
17 777 9.0125 22.5 1 1
-1 799 8.675 21.6 1 0
-1 785 8.9 21.700001 1 1
254 767 9.495833 25.5 1 1
484 973 8.5125 25.700001 1 1
557 881 8.004167 25 1 1
428 779 8.945833 25.200001 1 1
268 767 9.35 25.299999 1 1
256 766 9.45 25.5 1 1
338 751 8.6 25.200001 1 1
308 745 9.0625 25.4 1 1
336 718 8.379167 24.5 1 1
157 583 9.258333 25.5 1 1
297 732 8.7125 25.6 1 1
110 626 9.775 26.799999 1 1
373 975 7.854167 22.9 1 1
386 879 8 23.6 1 1
633 1185 6.275 22.799999 1 1
318 820 8.316667 24.799999 1 1
64 814 9.2875 22.9 1 1
79 821 9.316667 23 1 1
106 817 8.895833 23.200001 1 1
95 803 9.183333 23.4 1 1
5 783 8.725 22.799999 0 1
40 805 8.85 23.299999 1 1
10 748 8.804167 23.4 0 1
38 768 8.833333 23.4 1 1
-1 787 8.7625 20.799999 0 0
5 783 8.645833 21.5 0 1
6 785 8.495833 23.299999 1 1
1 754 8.795834 23.299999 0 1
1 822 8.533334 20.9 1 1
-1 811 8.4875 21.700001 1 1
5 824 8.004167 22.6 1 0
31 830 7.795833 22.200001 1 0
0 810 8.545834 20.700001 1 1
139 685 10.3125 26.700001 1 1
382 913 9.65 26 1 1
624 940 8.208333 26.5 1 1
703 1011 7.675 26.700001 1 1
367 732 8.391666 25.299999 1 1
164 682 9.9375 26.4 1 1
103 659 10.283334 26.299999 1 1
291 779 9.629167 26.5 1 1
337 707 8.591666 26.4 0 0
424 760 8.508333 26.5 1 1
325 648 8.395833 27.5 1 0
269 628 8.945833 27.1 1 1
260 735 8.691667 24.700001 0 1
374 720 8.054167 25.5 0 0
310 719 7.8375 25 1 1
429 725 7.358333 25.9 1 1
124 734 8.741667 24.1 1 1
222 777 8.479167 24.1 1 1
142 711 8.466666 24.5 0 1
206 735 8.183333 24.6 1 1
33 723 8.604167 24.4 0 1
46 696 8.845834 24.4 0 1
87 702 8.325 25.5 1 1
43 653 8.8 24.9 1 1
1 793 8.379167 23.700001 1 1
29 754 8.3875 24.299999 1 1
35 763 8.158334 24 1 1
9 701 8.6125 25.4 1 1
36 839 8.025 21.9 1 1
5 841 8.3875 22.799999 1 1
-2 724 8.341666 21.1 1 1
20 754 8.079166 22.200001 1 1
78 798 7.3375 23.5 1 1
40 795 7.625 22.4 1 1
2 599 8 23.200001 1 1
37 646 7.9375 22 1 1
467 768 8.483334 26.200001 1 1
580 915 8.275 26.5 1 1
562 777 7.770833 26.4 1 1
581 907 7.808333 26.9 1 1
319 706 9.45 26.4 1 1
322 688 9.345834 26.200001 1 1
421 714 8.420834 26.4 1 1
484 727 8.120833 26.200001 1 1
333 625 8.041667 27.1 1 1
305 644 8.316667 27.1 1 1
586 759 6.804167 25.5 1 1
457 695 7.808333 26.200001 1 1
282 601 7.958333 25.299999 1 1
602 760 6.5375 25.700001 1 1
207 549 8.445833 25.5 1 1
285 613 8.070833 25.4 1 1
123 598 8.720834 24.799999 1 1
365 724 7.529167 24.700001 1 1
74 502 8.945833 25.4 1 1
184 530 8.541667 25.299999 1 1
83 633 8.4125 25.4 1 1
74 596 8.708333 25.200001 1 1
27 559 8.825 25.1 1 1
61 545 8.795834 25.200001 1 1
20 652 8.466666 24.4 1 1
29 629 8.595834 25.4 1 1
37 614 8.358334 23.799999 1 1
37 592 8.558333 24.5 1 1
-3 601 8.283334 21.5 1 1
21 645 8.208333 22.799999 1 1
7 598 8.183333 24.1 1 1
1 605 8.2625 23.5 1 1
19 573 8.229167 20.6 1 1
1 581 8.3125 20.700001 1 1
16 602 8.258333 23.299999 1 1
21 584 8.2625 22.700001 1 1
442 779 8.454166 26.9 1 1
596 934 7.954167 26.4 1 0
440 799 8.133333 27.299999 0 0
578 951 7.945833 27.299999 1 1
376 683 8.404166 26.799999 1 1
513 771 7.845833 26.799999 1 1
475 710 7.920833 27 1 1
481 760 7.870833 27.200001 0 0
433 828 8.154166 28.200001 0 0
556 941 7.8375 28.5 0 0
28 1893 7.695833 17.200001 0 1
17 1675 7.679167 17 0 0
13 1988 7.683333 17.200001 0 1
289 2258 5.975 14.9 0 0
308 1745 5.554167 19.9 0 1
124 1593 6.766667 19.6 0 1
106 1753 6.708333 18.700001 0 1
237 1687 6.025 18.4 0 1
766 1854 2.679167 20.700001 0 1
1254 2052 -0.441667 21.799999 0 1
891 1927 1.670833 21.799999 0 1
1012 1930 1.158333 20.799999 0 1
720 1915 2.6375 22.1 0 1
459 2360 4.929167 15.7 0 0
852 1950 2.3125 18.9 0 1
58 1594 6.8625 14.9 0 0
247 1672 5.808333 15.9 0 1
11 877 8.033334 21.299999 1 0
0 840 7.529167 24.299999 1 0
6 817 7.8625 22.1 1 1
49 834 7.525 22.700001 1 1
24 882 7.691667 21.5 1 0
316 1415 5.483333 20.799999 0 1
110 1354 6.8875 20 0 1
86 1120 6.879167 22.1 0 1
842 1252 1.691667 23.299999 0 0
563 1296 3.629167 22.4 0 1
567 938 3.208333 24.9 0 1
305 989 5.125 23.799999 0 1
1245 1347 -1.3 25.1 0 0
939 1263 0.720833 24.5 0 1
1110 911 -0.808333 27.299999 0 1
956 927 0.433333 26.299999 0 0
989 1169 0.558333 24.4 0 1
1431 1399 -2.170833 24.299999 0 1
999 769 -0.354167 28.5 0 1
884 787 0.25 28.9 0 1
1437 1331 -1.579167 21.4 0 1
1035 1124 0.4875 23 0 0
1232 907 -1.2125 25.299999 0 1
1700 1059 -3.858333 25.299999 0 0
295 1231 4.875 18.299999 0 1
872 1191 1.616667 20.200001 0 1
315 1166 4.058333 22.4 0 1
1057 948 -0.145833 24.299999 0 1
98 1292 5.358333 20 0 1
26 727 7.504167 25.299999 1 1
68 748 7.341667 24.5 1 1
15 622 7.595833 24.6 1 1
32 612 7.658333 24.4 1 1
7 737 7.6125 23.5 1 0
18 745 7.533333 23.9 1 0
17 644 7.65 22 1 0
11 624 7.6375 23.4 1 0
158 781 5.816667 25.6 0 1
91 806 6.545833 24.200001 0 1
70 738 6.845833 24.200001 0 1
20 734 7.2625 23.5 0 1
811 801 0.8 29.700001 0 0
567 806 2.75 28 0 1
353 748 3.758333 29.700001 0 1
158 751 5.645833 27.299999 0 1
916 720 -0.254167 30.9 0 1
877 769 0.145833 30.6 0 1
354 617 2.9 31.299999 0 1
408 704 3.0125 30.700001 0 1
1315 878 -2.0875 27.1 0 1
1036 744 -0.854167 29.5 0 1
1013 680 -0.979167 29.700001 0 0
1089 702 -1.345833 30 0 1
779 1024 1.083333 24.4 0 1
1398 975 -2.408333 25.9 0 1
818 675 0.129167 28.6 0 1
41 1077 5.283333 20.5 0 1
291 1124 3.904167 21.799999 0 1
275 1016 3.8375 22.9 0 1
126 878 4.641667 23.700001 0 1
9 578 7.8125 25.299999 1 1
14 570 7.845833 24.4 1 0
-1 601 8.191667 25.200001 1 0
21 742 7.566667 24.9 0 1
14 770 7.6625 25.4 0 1
22 722 7.279167 23.200001 0 1
106 774 6.5375 24.799999 0 1
56 773 7.05 24.5 0 1
87 791 6.420833 25.299999 0 1
21 751 7.195833 23.700001 0 1
140 783 5.7625 26.6 0 1
144 786 6.116667 25.4 0 1
207 780 4.383333 29.700001 0 1
170 808 5.3125 27.700001 0 1
340 593 2.9375 30.700001 0 1
377 709 3.104167 30.1 0 1
925 600 -0.8125 30.6 0 0
795 602 0.075 30.799999 0 1
887 602 -0.825 30.4 0 1
216 994 3.795833 25.200001 0 1
693 819 0.733333 27.299999 0 1
264 1275 3.795833 23.6 0 1
135 573 17.683332 21 0 0
765 495 13.741667 23 0 0
277 426 16.237499 20.5 0 1
36 482 17.6875 22.299999 0 1
103 633 17.629168 23.4 0 1
336 876 15.929167 21.700001 0 0
733 850 13.758333 22.1 1 1
558 911 14.095834 21.200001 1 0
253 906 16.258333 21.5 1 0
678 860 12.941667 21.9 1 1
846 918 12.741667 22.299999 1 1
47 835 17.641666 22.4 0 0
406 805 15.3125 22.299999 1 1
947 917 11.970834 22 1 1
97 639 17.570833 24 1 0
76 679 17.441668 24.4 0 0
729 788 12.7625 22.799999 1 1
347 793 14.283334 26.5 1 1
3 727 15.670834 24.299999 0 1
281 825 13.275 26.9 0 0
207 793 14.458333 27.700001 1 1
411 778 12.1125 26.9 1 0
668 867 11.1875 25.700001 0 0
-2 709 13.508333 27.1 1 0
0 644 13.316667 27.700001 1 0
42 1002 12.8625 29.6 1 1
0 837 13.2375 27.700001 1 0
5 880 15.654166 23.9 0 0
498 896 13.195833 25.200001 1 0
672 854 12.179167 28.1 1 1
363 916 13.875 27.799999 1 1
1433 841 7.6125 24.6 1 1
881 922 10.858334 26.5 1 1
917 906 10.566667 25.4 1 0
1108 837 9.566667 25.4 1 1
358 795 13.683333 26.1 0 0
963 853 10.270833 26.1 1 1
4 726 13.604167 28 1 0
418 922 12.791667 26.299999 1 0
93 765 14.066667 25.200001 1 0
-1 750 13.495833 26.6 0 0
37 967 14.225 24 1 0
1 1159 13.3 28 1 1
0 933 13.241667 27.200001 1 0
0 1144 13.429167 26.700001 1 1
9 1047 14.0375 24.299999 1 0
1554 1106 3.55 28 1 1
687 1185 9.079166 29.799999 1 1
1178 1268 5.254167 28.6 1 1
797 1309 8.195833 28.299999 1 1
1164 1232 4.904167 28.6 1 0
2430 1408 -1.554167 23.1 0 1
1153 1462 4.670833 28.5 1 1
2082 1412 0.083333 24.700001 1 1
184 890 14.575 25.9 1 0
47 869 15.654166 24.700001 1 0
379 726 13.966666 24.9 0 0
615 733 12.9375 23.6 1 1
463 801 12.7375 26.1 1 1
1096 792 9.816667 24.9 1 1
454 682 13.4375 24.4 1 0
47 760 14.716666 26.1 1 0
141 1058 13.883333 24.299999 0 0
181 1253 12.9875 26.299999 1 1
21 1033 14.066667 26.5 1 0
671 1307 9.591666 26.200001 1 1
616 1271 10.579166 24.799999 1 1
623 1343 9.020833 27.799999 1 1
770 1373 8.6875 26.4 1 1
828 1208 6.329167 30.5 1 1
1003 1294 6.370833 28 1 1
734 1086 6.4625 30.799999 1 1
782 1227 6.966667 29.299999 1 1
1287 1440 3.5625 27.799999 1 1
1677 1454 1.754167 26.299999 1 1
1081 1174 4.429167 28.6 1 1
1000 1146 4.8625 29.5 1 1
420 757 14.325 22.700001 1 0
990 728 10.4625 23.299999 1 0
625 564 12.641666 25 1 0
669 609 12.4625 24.299999 1 0
106 494 15.595834 26.200001 1 0
471 551 13.55 25.1 1 0
104 586 15.5125 24.700001 1 0
605 570 12.6125 23.1 1 0
50 970 13.8875 27.9 0 0
272 1007 12.591666 28 1 0
112 846 14.958333 26.4 0 0
615 1331 9.058333 27.299999 0 1
639 1221 9.491667 26.799999 1 1
362 1134 10.091666 28.700001 0 1
907 1209 7.645833 26.9 0 0
430 1217 9.716666 29 1 1
280 1235 11.033334 28.5 1 1
128 956 11.025 30.299999 1 1
167 1025 10.808333 30 0 0
431 976 8.1875 31.5 1 1
362 1098 9.333333 30.5 1 1
261 886 9.4 30.9 1 1
332 984 9.429167 30.299999 1 1
1182 1114 3.875 27.9 1 1
818 1008 5.816667 29.9 1 1
1089 992 4.5125 27.9 1 1
442 819 8.104167 30.4 1 1
194 599 15.370833 24.299999 1 0
15 489 16.266666 24.9 1 0
484 602 13.1875 24.700001 1 0
274 862 14.808333 24.200001 1 0
177 1018 15.125 25.299999 1 0
1124 1143 6.9125 26 0 0
463 975 12.725 26.1 1 0
1198 1089 6.266667 26.700001 0 1
906 1120 8.95 26.299999 0 0
1119 1158 6.329167 26.799999 0 0
686 993 8.845834 29.299999 0 0
123 887 10.5375 30.799999 0 0
97 922 10.854167 30.9 0 0
176 837 10.775 30.1 1 1
383 927 9.583333 29.799999 0 0
217 752 9.783334 30.6 1 1
195 850 10.075 30.6 1 1
148 661 10.45 30.799999 1 1
150 742 10.670834 30.6 1 1
261 640 9.320833 30.200001 1 1
209 669 9.6875 30.5 1 1
116 568 10.183333 31.1 1 1
145 602 10.2875 30.799999 1 1
67 556 16.429167 24.6 0 0
119 1341 15.158334 27.299999 1 0
1429 1101 5.216667 25.799999 0 0
771 1172 9.883333 27.700001 0 0
160 876 10.875 30.799999 0 0
918 976 7.483333 28.799999 0 0
110 745 11.079166 30.700001 1 1
296 830 9.9 30.1 0 1
201 600 10.491667 30.9 1 1
202 667 10.720834 31 1 1
142 533 10.279166 31.200001 1 1
270 586 9.908334 30.700001 1 1
11 573 8.320833 22.799999 1 1
4 566 8.333333 23.299999 1 1
15 545 8.1875 23 1 0
4 550 8.225 23.299999 1 1
22 606 8.341666 23.6 1 1
14 578 8.3875 22.700001 1 1
15 643 7.966667 23.1 0 1
19 599 8.0375 22.6 0 1
431 873 7.916667 28.5 0 0
503 1023 7.9625 28.9 0 0
392 955 8.3375 29.799999 0 0
573 1228 7.695833 29.4 1 1
549 718 6.9625 27.6 1 1
341 744 8.308333 28.6 1 1
456 721 7.408333 28.200001 1 1
684 977 6.4875 28.4 1 1
582 673 6.670833 26.299999 1 1
646 687 6.241667 26.700001 1 1
499 655 6.6625 26.299999 1 1
506 662 6.779167 27.1 1 1
130 527 8.895833 26 1 1
306 591 7.975 26 1 1
143 583 8.891666 26.4 1 1
506 691 6.633333 25.5 1 1
148 558 8.658334 25.799999 1 1
89 512 9.133333 26 1 1
59 558 9.266666 26.9 1 1
87 568 9.229167 26.6 1 1
38 554 8.7125 25.299999 1 1
34 541 9 25.799999 1 1
73 576 8.325 25.6 1 1
37 569 9.05 26.799999 1 1
38 574 8.216666 24 1 1
86 583 8.104167 24.799999 1 1
13 555 8.195833 24.200001 1 1
69 570 8.020833 24.9 1 1
16 550 8.325 23.9 1 0
127 675 7.2875 22.799999 0 1
42 620 7.841667 22.6 0 1
16 569 7.958333 22 0 1
78 561 7.6375 21.1 0 1
621 1017 7.075 29.1 1 1
391 1077 8.441667 30.299999 1 1
800 969 5.991667 28.200001 1 1
372 886 8.3875 30.299999 1 1
490 710 7.425 28.4 1 1
846 1020 5.6875 27.9 1 1
492 668 7.633333 28.200001 1 1
489 767 7.729167 28.9 1 1
379 568 7.054167 27.200001 1 1
392 584 7.554167 27.9 1 1
190 492 8.9125 28.1 1 1
376 548 8.241667 27.9 1 1
202 625 8.570833 26.200001 1 1
522 675 6.091667 25.5 1 1
160 589 8.658334 26.9 1 1
384 585 7.333333 26.6 1 1
53 548 9.25 27.299999 1 1
95 575 9.129167 26.9 1 1
98 559 8.875 28.6 1 1
78 566 9.083333 27.799999 1 1
59 560 8.608334 26.9 1 1
87 562 8.766666 27.299999 1 1
64 551 8.5375 27.700001 1 1
17 529 9.083333 29.299999 1 1
5 547 8.733334 25.700001 1 1
35 554 8.625 26.299999 1 1
14 549 8.704166 26.5 1 1
27 542 8.558333 26.799999 1 1
7 612 9.133333 27.9 1 1
-1 661 8.316667 26 1 1
551 761 7.3375 28.6 1 1
413 774 8.1 29.700001 1 1
267 624 9.125 29.4 1 1
464 724 8.104167 29.1 1 1
613 693 6.766667 27.6 1 1
505 705 7.558333 28.4 1 1
546 646 7.025 27.799999 1 1
300 600 8.7375 29.200001 1 1
245 568 8.270833 28.700001 1 1
261 565 8.445833 28.700001 1 1
293 599 7.804167 28.799999 1 1
350 594 7.7625 28.4 1 1
207 612 8.041667 28.4 1 1
770 754 5.041667 26.1 1 1
141 568 8.358334 30.700001 1 1
522 699 6.1625 28.5 1 1
65 550 9.129167 28.4 1 1
122 573 8.791667 28 1 1
64 542 8.75 29.4 1 1
84 546 8.675 29.799999 1 1
74 573 8.4625 29.200001 1 1
47 548 9.020833 29.5 1 1
86 583 8.041667 29.299999 1 1
79 556 8.433333 29.299999 1 1
39 600 8.379167 28.1 1 1
98 596 8.004167 28.6 1 1
65 654 7.925 27.200001 1 1
146 628 7.5375 28.9 1 1
5 650 8.258333 27.6 1 1
46 661 8.2875 28.6 1 1
51 653 7.241667 26.4 1 1
114 683 7.0625 28 1 1
209 631 9.4 29.799999 1 1
170 633 9.825 30.200001 1 1
295 700 8.725 29.9 1 1
120 606 9.9125 30.9 1 1
554 639 6.908333 28 1 1
216 571 9.133333 29.700001 1 1
211 611 8.725 29.299999 1 1
250 659 8.808333 29.799999 1 1
624 682 6.025 26.700001 1 1
500 631 6.9 27.5 1 1
357 655 7.5 27.799999 1 1
622 727 6.204167 27.200001 1 1
127 552 8.354167 29.4 1 1
265 586 7.729167 28.299999 1 1
187 564 8.095834 28.5 1 1
152 581 8.441667 28.299999 1 1
76 527 8.404166 29.5 1 1
98 539 8.408334 29.799999 1 1
87 516 8.366667 29.5 1 1
123 533 8.354167 29.200001 1 1
80 570 7.670833 29.700001 1 1
83 534 8.1375 28.9 1 1
100 550 7.758333 29.700001 1 1
112 537 7.9375 29.6 1 1
175 668 7.158333 29.4 1 1
122 607 7.3375 30 1 1
147 644 7 29.4 1 1
125 592 7.3125 30 1 1
197 633 9.358334 30.799999 1 1
110 567 10.0875 31.299999 1 1
23 780 7.616667 25.299999 0 1
24 625 7.845833 24.799999 1 1
18 783 7.65 24.9 0 1
38 692 7.75 24 0 1
153 925 6.441667 25.799999 0 1
144 921 6.75 25.4 0 1
73 699 6.391667 26.6 0 1
181 872 6.091667 26.1 0 1
97 694 5.758333 27.6 0 1
45 666 6.2375 27.200001 0 1
253 696 4.15 29.4 0 1
233 718 4.625 28.6 0 1
407 647 2.729167 30.200001 0 1
449 708 2.820833 29.799999 0 1
569 622 1.445833 30.5 0 1
878 688 -0.129167 30.4 0 1
968 790 -0.7625 29.1 0 1
742 671 0.420833 30.1 0 1
470 995 2.304167 26.6 0 1
664 826 1.025 28.299999 0 1
149 780 6.770833 24.6 0 1
95 695 7.316667 23.4 0 1
164 657 6.720833 25 0 1
82 617 7.320833 23.799999 0 1
240 749 5.5875 26.799999 0 1
153 787 6.4375 25.799999 0 1
327 670 5.170833 27.1 0 1
217 671 6.125 26.299999 0 1
233 652 5.241667 27.700001 0 1
272 708 5.229167 27.200001 0 1
90 600 6.116667 28.1 0 1
259 635 5.358333 27.5 0 1
46 632 5.908333 28.700001 0 1
46 616 6.079167 28.299999 0 1
148 662 5.45 29.299999 0 1
144 643 5.629167 28.799999 0 1
277 695 4.058333 29.9 0 1
183 679 4.866667 29.200001 0 1
336 730 3.8125 30.700001 0 1
211 701 4.829167 30 0 1
437 682 2.729167 30.6 0 1
430 716 3.025 30.200001 0 1
200 645 4.104167 31.299999 0 1
323 707 3.683333 31.1 0 1
665 678 1.166667 30.700001 0 1
596 680 1.641667 30.700001 0 1
410 626 2.533333 31.5 0 1
536 681 2 31.4 0 1
765 711 0.5625 29.700001 0 1
528 645 1.8875 30.299999 0 1
335 554 2.833333 31 0 1
399 600 2.529167 31.299999 0 1
549 856 1.870833 27.799999 0 1
475 728 2.220833 28.700001 0 1
404 644 2.458333 29.4 0 1
339 568 2.783333 30.4 0 1
146 594 6.883333 24.799999 0 1
48 569 7.554167 24 0 1
7 509 7.683333 24.700001 0 1
5 533 7.8125 24.299999 0 1
219 604 6.008333 26.6 0 1
239 617 6.133333 25.9 0 1
82 539 6.891667 25.9 0 1
55 519 7.270833 25.200001 0 1
79 564 6.370833 27.9 0 1
195 591 5.975 27.200001 0 1
64 561 6.6 27.200001 0 1
92 549 6.691667 26.4 0 1
33 625 6.2 29.4 0 1
112 614 5.95 28.700001 0 1
47 595 6.1625 28.799999 0 1
58 583 6.341667 28.1 0 1
227 684 4.445833 31.299999 0 1
155 679 5.195833 30.299999 0 1
119 624 4.929167 30.6 0 1
64 601 5.666667 29.700001 0 1
322 659 3.325 32.099998 0 1
204 652 4.329167 31.9 0 1
281 664 3.354167 31.799999 0 1
128 627 4.6 31.200001 0 1
338 624 2.7 32.299999 0 1
271 632 3.3125 32.099998 0 1
170 641 3.333333 32.599998 0 1
196 648 3.429167 32.299999 0 1
339 590 2.3875 32.299999 0 1
302 604 2.75 32.299999 0 1
349 630 1.8 33.400002 0 1
199 633 2.841667 33.099998 0 1
296 576 2.333333 31.9 0 1
335 581 2.295833 32 0 1
254 567 1.904167 33.700001 0 1
310 591 1.829167 33.400002 0 1
0 479 7.6625 24.6 0 1
0 0 0 0 0 1
6 452 7.508333 24.700001 0 1
2 464 7.583333 24.5 0 1
9 506 7.458333 23.4 0 0
0 501 7.558333 23.299999 0 0
3 518 7.204167 25.9 0 1
5 518 7.204167 26 0 1
37 549 6.429167 27.700001 0 1
40 558 6.633333 27.200001 0 1
42 526 6.883333 27 0 1
12 479 7.141667 26.200001 0 1
60 593 5.133333 29.6 0 1
41 564 5.770833 28.700001 0 1
1 624 4.691667 31 0 1
17 600 5.091667 30 0 1
12 659 3.920833 32.200001 0 1
22 648 4.179167 31.700001 0 1
288 668 1.820833 33.5 0 1
37 665 3.304167 33.200001 0 1
345 612 1.05 35.200001 0 1
201 623 2.141667 34 0 1
366 1590 3.358333 23.6 0 0
247 1235 3.783333 24.799999 0 1
428 2029 3.3 21.6 0 0
130 2150 4.945833 20.5 0 0
463 1249 2.595833 25 0 1
630 1046 1.541667 26.6 0 1
819 908 0.191667 27.4 0 1
691 783 0.845833 28.5 0 1
365 1734 3.354167 22.6 0 1
844 1134 0.15 25.200001 0 1
876 997 -0.091667 26.6 0 1
402 2044 3.233333 21.299999 0 1
429 1315 2.575 22.5 0 1
761 1272 0.6875 23.799999 0 1
162 1154 3.7875 20.1 0 0
220 1269 3.258333 18.9 0 0
563 655 0.7625 30.4 0 1
364 601 1.883333 31.299999 0 1
428 577 0.616667 33.400002 0 1
361 568 1.125 33.799999 0 1
687 743 0.125 28.6 0 1
656 692 0.245833 29.799999 0 1
591 653 -0.2625 32.099998 0 1
507 598 0.15 33 0 1
1031 990 -1.654167 26.5 0 1
833 861 -0.620833 27.4 0 1
632 763 -0.441667 30.200001 0 1
823 761 -1.4 30.700001 0 1
243 1102 2.733333 23 0 1
923 1093 -1.016667 25.1 0 1
746 945 -0.758333 26.700001 0 1
813 873 -1.258333 28.700001 0 1
10 1258 4.058333 20.6 0 0
305 1217 2.4375 21.700001 0 1
230 1002 2.3125 23 0 1
812 1008 -1.008333 25.6 0 1
152 1314 3.279167 18.799999 0 0
212 1343 2.983333 19.5 0 0
177 1037 2.575 20.4 0 0
218 1001 2.366667 21.799999 0 0
489 587 -0.433333 37.099998 0 1
368 584 0.5625 36.200001 0 1
387 572 0.0125 35.700001 0 1
339 560 0.216667 37.200001 0 1
576 640 -0.770833 33.099998 0 1
487 608 -0.3875 34.200001 0 1
1154 734 -3.783333 30.5 0 1
540 604 -0.666667 32.299999 0 1
1019 759 -2.779167 26.9 0 1
1117 741 -3.475 29.1 0 1
589 762 -0.291667 24.4 0 1
112 649 16.641666 22.299999 1 0
97 1152 16.450001 25.200001 1 0
371 999 15.925 25.799999 1 0
75 1206 16.229166 26.799999 1 0
717 1106 12.05 28.9 1 0
55 1006 16.7125 28.1 1 0
256 1372 14.679167 27.1 1 0
1253 1057 8.7625 28.4 1 0
12 823 18.104166 24.799999 1 0
639 853 13.770833 27 1 0
249 806 16.104166 25 1 0
89 920 17.058332 27.4 1 0
965 895 11.804167 28.9 1 0
730 865 13.204166 27.6 1 0
1402 957 8.291667 29.299999 1 0
722 979 12.75 29.5 1 0
210 655 15.3 33.700001 1 0
1032 847 11.095834 30.299999 1 0
1181 875 9.125 30.200001 1 0
807 645 11.395833 32.299999 1 0
470 745 15.258333 23.4 1 0
107 576 17.866667 20.799999 1 0
997 842 11.741667 28.200001 1 0
733 803 13.316667 26.700001 1 0
591 675 14.395833 27.9 1 0
869 798 12.575 29.299999 1 0
740 794 13.2625 28.299999 1 0
244 605 16.487499 28.6 1 0
103 486 15.7 33.099998 1 0
525 685 14.408334 31.1 1 0
319 518 15.041667 30.200001 1 0
122 535 16.737499 29.200001 1 0
756 570 11.8375 31.9 1 0
446 706 16.508333 20.700001 1 0
520 741 16.137501 21.200001 1 0
262 532 16.391666 26.799999 1 0
278 479 16.775 27.1 1 0
62 469 16.133333 28.1 1 0
24 635 16.5875 23.5 1 0
883 1239 9.733334 26.4 0 0
318 1306 14.2 25 1 0
600 987 9.9125 30 1 1
1305 1119 6.345833 26 0 0
242 836 10.4125 30.700001 0 0
506 918 9.7375 30.299999 0 1
89 680 11.175 30.799999 1 1
135 742 10.720834 30.700001 0 0
286 1077 14.7125 24.4 1 0
92 1107 15.304167 24.700001 1 0
17 1011 16.029167 24.5 1 0
546 1412 12.325 26.5 1 0
96 1704 14.791667 29.5 1 0
29 1412 15.204166 26.799999 1 0
1341 1211 6.479167 26.299999 1 1
908 1337 9.741667 26.700001 0 0
1343 1168 6.225 27 1 1
877 1308 9.383333 28.5 1 1
977 969 7.616667 28.6 0 0
791 1085 9.195833 29.299999 1 0
609 909 9.433333 29.4 1 1
728 1031 9.154166 29.700001 0 0
87 785 11.454166 31 0 0
381 899 10.429167 30.299999 0 0
78 698 11.458333 30.700001 0 1
327 823 10.633333 29.799999 0 0
98 656 11.05 30.9 1 1
83 708 11.225 31.799999 0 0
102 609 11.041667 31.200001 1 0
79 639 11.2125 31.5 0 0
143 561 10.954166 30.799999 1 1
95 591 11.233334 31 1 1
103 539 10.966666 30.799999 1 1
132 569 10.825 30.799999 1 1
209 577 10.441667 30.6 1 1
121 546 11.083333 30.700001 1 1
208 556 10.191667 30.799999 1 1
118 531 10.854167 30.799999 1 1
706 1181 11.825 26.9 1 0
1493 973 7.066667 28.1 1 1
853 1110 10.5125 26.700001 1 0
367 1045 13.641666 27.1 1 0
899 885 10.029166 28.799999 0 1
952 875 9.904166 28.799999 1 1
671 1204 10.5375 29 1 1
954 1182 9.404166 27.4 0 0
539 854 11.1 30.700001 0 1
1519 1007 5.920833 27.6 0 1
1255 1055 6.545833 27.4 0 0
1555 1125 5.154167 26.5 1 1
771 861 8.920834 29.4 0 1
687 865 9.725 29.9 0 0
658 850 9.0625 28.9 1 1
860 941 8.325 28.5 0 0
363 751 10.258333 30.1 0 0
741 836 8.5875 29.200001 0 0
76 658 11.7125 30.5 0 0
145 739 11.591666 30.200001 0 0
86 644 12.008333 30.200001 0 0
177 699 11.35 30.200001 0 0
76 564 11.170834 31.299999 0 0
74 603 11.420834 31.6 0 0
75 574 11.254167 31.299999 0 0
74 599 11.5625 30.700001 0 0
80 527 10.8375 31.700001 1 1
77 518 10.854167 31.700001 1 1
82 537 10.804167 32.200001 1 0
89 551 10.8875 31.799999 1 1
93 521 10.566667 32.099998 1 1
84 518 10.741667 31.799999 1 1
86 535 10.479167 32.700001 1 1
82 533 10.641666 32.299999 1 1
727 726 11.116667 31.4 1 0
940 591 10.066667 31.799999 1 0
845 687 9.833333 30.799999 1 0
1545 825 6.283333 28.9 1 0
801 548 10.0125 31.6 1 0
843 565 10.079166 31.6 1 0
710 687 9.883333 30.9 1 0
1059 741 8.304167 30 1 1
626 537 10.35 31.299999 0 1
321 487 12.254167 32.900002 0 0
611 723 9.679167 30.299999 0 0
774 725 9.129167 30.1 0 0
276 588 11.529166 31.4 0 0
869 613 8.583333 29.700001 1 0
176 681 10.895833 30.799999 1 0
216 689 11.129167 31.200001 1 1
738 754 8.145833 28.299999 1 1
683 693 8.795834 29.299999 1 1
106 645 11.3625 30.200001 1 0
145 670 11.070833 30.700001 0 0
488 719 9.229167 29.299999 1 1
89 598 11.179167 32.099998 0 0
91 617 11.316667 30.700001 0 0
82 564 10.858334 32.299999 1 0
101 580 10.908334 32.200001 1 1
132 597 10.716666 32.200001 0 0
258 637 10.204166 31.5 1 0
86 560 10.379167 32.400002 1 1
85 556 10.579166 32.299999 1 1
140 606 10.104167 32 1 1
106 592 10.566667 32.299999 1 0
269 468 14.158334 32.5 1 0
155 454 15.329166 30.799999 1 0
334 467 12.829166 32.099998 1 0
411 479 12.816667 31.9 1 0
442 496 12.6875 30.799999 1 1
500 491 12.795834 30.6 1 0
1212 586 7.091667 28.799999 1 1
1142 560 7.991667 29.6 1 0
647 533 10.3125 30.6 1 1
945 551 9.170834 29.799999 1 1
617 603 9.420834 30.4 1 1
968 592 7.929167 29.299999 1 1
1188 695 6.229167 28.4 1 1
849 579 8.716666 29.799999 1 1
163 611 10.9125 31 1 1
636 665 8.9 29.6 1 1
78 582 11.4875 32.400002 1 1
167 613 11.358334 32 1 1
633 753 8.504167 29.299999 1 1
76 604 11.225 31.299999 1 1
204 610 10.633333 32.200001 1 1
249 620 10.508333 32 0 0
867 813 7.379167 28.6 0 1
1206 927 5.741667 27 0 0
590 688 8.716666 30.299999 1 1
860 766 7.520833 29.1 0 0
922 797 6.7375 28.6 0 0
728 697 7.5625 29.4 1 0
1005 780 6.7 28.1 1 1
120 614 10.220834 31.9 1 0
224 692 9.470834 31.6 0 0
315 632 9.254167 31.299999 0 0
316 504 14.233334 28.799999 1 0
999 594 9.308333 28.9 1 1
38 482 15.2625 29.9 1 0
1367 674 5.8625 28.1 1 1
1182 619 7.579167 28.799999 1 1
401 654 10.5375 31.9 1 1
778 619 8.929167 30.4 1 1
60 582 11.75 33.599998 1 1
103 606 11.704166 33 1 1
140 584 11.141666 33.700001 0 1
1051 785 6.516667 28.799999 1 0
388 604 8.779166 32.099998 0 0
342 592 9.308333 32.5 0 0
677 767 7.016667 30.700001 1 0
315 634 8.95 32.400002 1 0
222 667 8.525 29.6 1 1
252 727 8.508333 30.4 1 1
274 690 8.383333 30.6 1 1
286 758 8.358334 31.200001 1 1
180 559 8.3625 29.299999 1 1
242 624 8.216666 28.9 1 1
190 569 8.270833 30.1 1 1
289 629 8.0125 29 1 1
122 519 8.4 30.9 1 1
168 536 8.325 30 1 1
109 531 8.3375 31.799999 1 1
189 558 8.179167 30.9 1 1
76 529 7.966667 29.6 1 1
85 521 8.225 30.4 1 1
88 551 7.695833 30.200001 1 1
75 528 8.1875 31.299999 1 1
110 569 6.5875 27.299999 1 1
55 543 7.525 28.700001 1 1
49 584 7.295833 28 1 1
86 568 7.4375 29.4 1 1
42 600 7.2 25.200001 1 1
150 581 6.0875 25.1 1 1
12 581 7.5375 26.200001 1 1
645 830 6.754167 30 1 1
147 583 10.104167 31.4 1 1
454 738 7.716667 31.799999 1 1
180 588 9.933333 31.799999 1 1
672 943 6.2375 29.299999 1 1
665 889 6.425 29.700001 1 1
852 1066 5.283333 29.200001 1 1
968 1035 4.741667 28.9 1 1
346 717 7.425 29.799999 1 1
300 724 7.9 30.5 1 1
211 663 8.220834 31.9 1 1
281 710 8.195833 32.200001 1 1
200 584 7.708333 31.1 1 1
255 636 7.658333 30.299999 1 1
287 607 6.929167 30.799999 1 1
255 636 7.220833 31.4 1 1
92 527 8.05 31.700001 1 1
196 563 7.616667 31.4 1 1
116 518 7.7625 30.5 1 1
173 546 7.520833 30.6 1 1
137 584 7.195833 31.4 1 1
131 550 7.504167 31.799999 1 1
143 576 7.0125 31.6 1 1
98 520 7.566667 31 1 1
128 671 7.295833 30 1 1
178 624 6.991667 31 1 1
145 682 7.25 31.200001 1 1
165 619 7.029167 31.9 1 1
13 707 7.654167 26.9 1 1
28 695 7.691667 28.299999 1 1
17 783 7.408333 27.5 1 1
78 752 7.2625 29.1 1 1
0 742 7.3875 26.6 1 1
525 685 7.441667 31.299999 1 1
328 588 8.9625 31.700001 1 1
438 626 7.85 31.700001 1 1
511 638 7.908333 31.4 1 1
722 951 6.033333 30.1 1 1
1033 990 4.458333 28.5 1 1
784 865 5.395833 29.9 1 1
607 690 6.608333 30.9 1 1
178 616 8.220834 32 1 1
295 689 7.6 32 1 1
219 599 7.4625 32.299999 1 1
304 658 6.933333 32.200001 1 1
169 550 7.716667 31 1 1
250 600 7.5875 30.799999 1 1
193 545 7.604167 32 1 1
188 558 7.804167 31.5 1 1
126 514 7.566667 31 1 1
104 515 7.841667 31 1 1
164 534 7.091667 32.5 1 1
175 536 7.308333 32.299999 1 1
105 557 7.175 32.900002 1 1
97 516 7.458333 31.700001 1 1
137 567 6.883333 32.400002 1 1
129 538 7.070833 32.5 1 1
155 670 6.708333 31.9 1 1
122 598 7.0625 32.799999 1 1
145 635 6.6375 31.4 1 1
146 594 6.770833 32.200001 1 1
17 736 7.1125 29.200001 1 1
44 708 7.054167 30.200001 1 1
49 691 6.783333 29.700001 1 1
91 676 6.708333 30.4 1 1
44 768 6.720833 26.6 1 1
0 763 7.025 28 1 1
162 795 5.925 28.700001 1 1
33 741 6.670833 29.200001 1 1
383 686 7.904167 31.4 1 1
104 609 9.9375 32.5 1 1
101 682 9.704166 32.099998 1 1
115 645 9.983334 32 1 1
495 779 6.475 31.1 1 1
582 774 6.4125 30.6 1 1
527 765 5.820833 31.299999 1 1
444 764 7.1625 31.1 1 1
218 597 7.704167 30.6 1 1
222 628 7.9875 30 1 1
265 626 7.4375 29.799999 1 1
248 648 7.791667 29.5 1 0
187 538 7.525 32.200001 1 1
259 572 7.258333 31.299999 1 1
180 522 7.4875 31.799999 1 1
220 568 7.35 30.799999 1 1
158 544 7.204167 31.700001 1 1
152 531 7.5625 31.9 1 1
133 533 7.470833 31.5 0 0
162 509 7.554167 32.099998 1 1
120 564 6.925 30.799999 1 1
164 562 6.945833 30.9 1 1
149 575 6.95 30.799999 1 1
164 572 7.075 30.9 1 1
139 589 6.466667 30.1 1 1
150 582 6.633333 30.700001 1 1
121 583 6.545833 30.5 1 1
177 588 6.504167 30.6 1 1
41 623 6.804167 29.5 1 1
211 633 5.9625 29.6 1 1
80 619 6.45 30.1 1 1
102 601 6.429167 30.200001 1 1
130 695 6.070833 29.200001 0 1
58 671 6.5125 29.4 1 1
98 628 6.166667 29.700001 0 1
61 622 6.429167 30 1 1
113 654 9.920834 31.799999 1 1
244 735 9.016666 31.4 1 1
572 758 6.041667 29.700001 1 1
692 824 5.9375 29.700001 1 1
8 543 7.270833 23.6 0 0
21 536 7.05 24 0 0
16 502 6.525 26.4 0 1
20 539 5.429167 28.1 0 1
24 516 5.958333 27.299999 0 1
7 564 5.254167 29.1 0 1
7 626 3.4875 33.5 0 1
25 656 3.575 33.099998 0 1
251 616 1.5 35.5 0 1
74 619 2.866667 34.200001 0 1
23 531 4.679167 27.700001 0 1
8 562 4.725 28.200001 0 1
156 598 1.983333 35.099998 0 1
29 586 2.9125 34.200001 0 1
27 574 2.758333 34.299999 0 1
12 568 3.304167 33.200001 0 1
42 708 6.516667 26.299999 1 1
34 735 6.666667 26.299999 1 1
85 714 6.245833 27.5 1 1
127 763 6.166667 28.1 1 1
19 657 6.408333 26.4 0 1
15 671 6.508333 26.4 1 1
45 638 6.108333 27.4 0 1
49 675 6.275 27.299999 0 1
28 588 5.883333 27.799999 0 1
8 604 6.166667 27.4 0 1
25 587 5.716667 28.200001 0 1
18 610 5.029167 29.200001 0 0
26 652 5.229167 30.299999 0 1
14 614 4.5375 30.5 0 1
13 615 4.85 29.799999 0 1
70 643 4.158333 31.799999 0 1
49 669 4.895833 31 0 1
22 576 3.9125 31.700001 0 1
4 593 4.25 31.200001 0 1
122 615 3.275 32.700001 0 1
73 617 3.733333 32.400002 0 1
18 540 3.616667 32.299999 0 1
33 562 3.7 32 0 1
48 547 3.129167 33.5 0 1
148 589 2.875 33.099998 0 1
2 544 3.391667 32.900002 0 1
6 536 2.8125 34.200001 0 1
17 537 3.020833 33.700001 0 1
85 667 6.170833 28.299999 1 1
104 661 6.195833 29 0 1
9 639 6.475 28.6 0 1
64 627 6.295833 29.299999 0 1
11 633 6.316667 28 0 1
54 651 6.179167 28 1 1
11 647 6.141667 28.799999 0 1
8 650 6.354167 28.1 1 1
8 562 5.908333 28.6 0 1
27 623 5.645833 29.4 0 1
6 627 5.833333 29.299999 0 1
12 569 5.6625 29.200001 0 1
8 561 5.770833 28.9 0 1
17 622 5.491667 29.6 0 1
13 618 5.633333 29.6 0 1
51 613 4.9375 30.6 0 1
7 601 5.425 30 0 1
117 603 3.879167 32.5 0 1
89 605 4.504167 31.1 0 1
167 602 2.920833 33.799999 0 1
135 601 3.320833 33.599998 0 1
96 566 2.6625 34.200001 0 1
150 588 2.670833 34 0 1
52 539 2.454167 34.599998 0 1
91 555 2.516667 34.400002 0 1
290 567 0.5375 37.599998 0 1
427 613 0.145833 36.700001 0 1
477 568 -0.7875 37.400002 0 1
346 564 0.058333 37.799999 0 1
556 561 -1.233333 35.700001 0 1
536 567 -1.145833 36.5 0 1
797 511 -2.533333 30.299999 0 1
730 487 -2.375 32.700001 0 1
605 503 -2.370833 33.5 0 0
386 478 -1.245833 34.599998 0 1
240 730 0.9875 24.1 0 0
941 625 -3.004167 27.700001 0 0
685 579 -2.720833 29.9 0 1
745 532 -3.058333 31.799999 0 0
463 850 -0.125 23.4 0 0
304 576 0.4125 37.299999 0 1
223 585 1.220833 36.200001 0 1
180 570 1.1125 36.5 0 1
203 595 1.408333 35.400002 0 1
379 545 -0.545833 38.299999 0 1
273 553 0.35 37.799999 0 1
301 542 -0.183333 37.799999 0 1
241 561 0.516667 37.099998 0 1
494 520 -1.441667 38 0 1
413 524 -0.991667 38.400002 0 1
219 483 -0.241667 38.200001 0 1
306 513 -0.55 38.299999 0 1
569 473 -1.654167 34.299999 0 1
406 478 -0.975 36.5 0 1
558 505 -2.191667 36.400002 0 1
430 497 -1.504167 37.700001 0 1
453 467 -2.291667 36.299999 0 0
410 464 -1.979167 36.900002 0 1
352 461 -2.295833 38.5 0 1
305 467 -1.758333 38.400002 0 1
777 550 -4.125 33.799999 0 1
600 494 -3.154167 35.099998 0 1
551 545 -3.641667 36.700001 0 0
439 493 -2.983333 37.900002 0 1
919 608 -4.908333 32.799999 0 0
136 563 -1.575 34.299999 0 1
662 593 -4.25 35.799999 0 0
3 568 2.325 35.099998 0 1
3 585 2.5 34.900002 0 1
50 509 1.183333 36.5 0 1
9 532 1.7875 35.900002 0 1
12 502 1.4125 36 0 1
278 497 -0.6 37.5 0 1
115 491 0.495833 37.200001 0 1
92 487 0.325 37 0 1
94 496 0.579167 36.599998 0 1
350 470 -1.495833 37.400002 0 1
207 467 -0.4875 37.5 0 1
219 464 -1.070833 38.099998 0 1
141 472 -0.295833 37.700001 0 1
377 496 -2.591667 39 0 1
300 491 -1.8375 38.700001 0 1
454 510 -3.233333 38.799999 0 1
4 527 2.4625 34.700001 0 1
3 530 1.466667 35.400002 0 1
95 510 0.316667 36.799999 0 1
77 523 0.675 36.200001 0 1
201 486 -1.054167 38.400002 0 1
86 493 -0.029167 37.599998 0 1
430 937 16.758333 20.700001 1 0
130 867 18.391666 20.299999 1 0
370 774 17.116667 19.700001 1 0
813 771 14.741667 20.200001 1 0
134 624 18.366667 19.4 1 0
0 0 0 0 1 0
0 0 0 0 1 0
347 637 17.395834 19.4 1 0
0 0 0 0 1 0
64 497 15.566667 27.5 1 0
626 578 11.233334 29.1 1 1
184 539 14.133333 28.700001 1 0
249 547 11.966666 31.9 1 1
1444 689 5.895833 27.799999 1 1
328 616 10.6875 32.5 1 1
974 667 7.5625 29.799999 1 1
104 579 11.391666 34 0 0
112 587 11.479167 33.599998 1 1
141 580 11.004167 34.099998 0 0
451 628 8.8875 33 0 1
579 608 11.25 28.9 1 1
16 536 14.725 28.700001 1 0
483 625 11.683333 29.4 1 1
166 581 13.825 28.799999 1 0
170 549 12.029166 32.400002 1 0
1281 714 6.675 28.299999 1 1
252 578 11.6125 32 1 0
414 600 11.379167 30.799999 1 1
454 629 9.745833 32.299999 1 1
568 625 9.558333 31.5 1 1
304 611 10.470834 32.599998 1 1
896 705 7.604167 30.4 1 1
112 580 11.066667 34.099998 0 1
125 583 11.2 33.799999 1 1
87 583 11.258333 33.5 1 0
383 631 9.375 33.299999 0 0
305 624 9.558333 33.599998 0 0
129 597 10.629167 34.099998 0 0
564 651 8.154166 32.5 0 0
1227 829 5.0125 29 0 0
634 651 7.558333 32.099998 1 0
1595 932 2.7875 27.200001 0 1
428 632 8.3125 33.299999 0 1
450 614 8.4625 33 1 1
668 624 7.1875 31.9 0 0
1291 864 3.945833 28.700001 0 1
942 757 5.8125 30.6 0 0
1001 759 5.245833 30 0 0
1162 766 4.675 29.4 0 0
69 672 14.283334 28.5 0 0
312 632 12.495833 30.200001 1 1
116 605 13.883333 29.5 1 1
64 651 13.516666 30.6 1 0
165 678 13.241667 29.5 1 0
156 591 12.25 31.9 1 0
184 596 12.679167 31.4 1 1
219 620 12.166667 31.299999 1 1
148 609 13.195833 31.6 1 1
388 643 10.025 31.700001 1 1
711 697 8.679167 30.700001 1 1
299 630 10.5125 30.799999 1 0
308 646 10.870833 31 1 1
66 593 10.979167 33.5 1 1
208 614 10.545834 32.5 1 0
52 554 11.183333 32.299999 1 1
346 624 9.883333 31 1 0
139 584 10.404166 33.900002 0 1
80 598 10.804167 34.099998 1 1
48 545 11.095834 32.900002 0 0
696 664 7.079167 31.700001 1 0
973 771 5.825 30.5 0 1
394 590 8.791667 32.700001 0 0
1060 706 4.920833 30.1 0 1
296 538 8.2 33 0 0
298 548 8.679167 33.099998 0 0
412 607 7.729167 32.099998 1 0
780 662 6.0875 31 0 1
77 622 13.525 30.1 0 0
213 678 12.908334 28.1 0 0
223 614 12.3375 29.9 1 1
256 615 12.929167 30.6 1 1
11 577 13.366667 28 1 1
208 622 12.566667 27.9 1 1
145 582 11.558333 29.799999 1 0
238 620 11.475 29.700001 1 1
88 544 12.229167 28.1 1 1
118 574 12.358334 27.799999 1 1
75 518 11.245833 31.200001 1 1
286 581 10.425 30 1 0
120 482 11.220834 29.6 1 1
243 538 10.975 28.5 1 0
41 505 11.25 31.9 0 0
15 455 11.558333 30.700001 0 0
29 470 11.020833 33.099998 0 1
227 563 9.2125 33.099998 0 0
107 546 9.35 33.400002 0 0
124 673 13.279166 25.9 0 0
89 882 13.5625 23.799999 1 0
39 434 11.733334 28 0 1
23 491 12.1875 27.1 1 0
138 449 10.704166 31 1 0
54 424 11.458333 29.1 0 0
0 373 11.545834 29 0 0
24 457 10.995833 33 1 0
1 396 11.229167 30.700001 0 0
0 341 11.641666 27.6 0 0
0 350 11.375 28.5 0 0
102 630 6.225 30.799999 1 1
139 645 6.033333 31.200001 1 1
152 665 6.091667 31.1 1 1
141 666 6.220833 31.299999 0 1
47 614 6.320833 30.200001 0 1
67 615 6.325 30.4 1 1
106 631 5.85 30.9 1 1
134 638 5.9375 31.1 1 1
133 628 6.329167 31.4 1 1
142 653 6.358333 31.5 1 1
206 666 5.845833 30.799999 0 1
216 666 5.8875 31.1 0 1
113 654 5.770833 31.200001 1 1
161 659 5.8 31 0 1
148 656 5.5375 31.6 0 1
138 644 5.85 31.5 0 1
175 602 8.670834 32.700001 0 0
145 632 5.458333 32.200001 0 1
25 636 6.266667 29 1 1
44 620 6.25 29.799999 0 1
61 639 5.854167 30.1 0 1
70 621 5.9375 30.700001 1 1
87 661 5.4 29.9 0 1
100 664 5.525 29.799999 0 1
28 666 5.429167 30.200001 0 1
60 657 5.420833 30 0 1
56 688 5.225 29.700001 0 1
72 700 5.1375 30 0 1
43 647 4.979167 30 0 1
16 661 5.370833 29.6 0 1
117 624 3.858333 32.799999 0 1
113 641 4.3 31.200001 0 1
140 610 3.0875 33.700001 0 1
107 611 3.529167 33.400002 0 1
193 592 2.091667 34.400002 0 1
184 607 2.45 34.099998 0 1
122 545 2.083333 34.599998 0 1
187 577 1.9875 34.400002 0 1
92 665 5.558333 30.9 1 1
123 661 5.5875 31.1 1 1
106 656 5.3875 31.5 0 1
108 652 5.533333 31.5 1 1
59 651 5.416667 30.6 0 1
204 707 4.816667 30.6 0 1
83 635 5.1375 31.299999 0 1
126 660 5.070833 31.4 0 1
61 615 5.166667 30.6 1 1
89 640 5.158333 30.700001 0 1
48 605 5.1 31.299999 0 1
123 629 4.833333 31.299999 0 1
91 645 4.825 30.5 0 1
78 636 4.970833 30.5 0 1
95 618 4.65 31.299999 0 1
95 619 4.720833 31.200001 0 1
24 636 4.783333 30.799999 0 1
5 632 5.15 30.5 0 1
4 599 4.804167 31.799999 0 1
24 603 4.95 31.4 0 1
108 645 3.916667 32.400002 0 1
46 640 4.504167 31.4 0 1
84 631 4.020833 32.700001 0 1
17 608 4.608333 32.200001 0 1
89 644 3.579167 33.200001 0 1
88 643 3.758333 33 0 1
135 642 3.225 33.5 0 1
112 641 3.654167 33.099998 0 1
152 604 2.429167 34 0 1
173 643 2.6875 33.599998 0 1
113 607 2.670833 34.299999 0 1
118 631 3.045833 33.799999 0 1
130 544 2.1 34.599998 0 1
135 567 2.229167 34.400002 0 1
117 556 2.041667 35.099998 0 1
118 580 2.241667 34.900002 0 1
154 646 4.983333 32.200001 0 1
178 649 5.0125 32.200001 0 1
108 633 5.075 32.799999 0 1
140 637 5.175 32.700001 0 1
173 644 4.475 32.200001 0 1
128 639 4.895833 32.200001 0 1
30 606 5.0125 32 0 1
67 618 4.916667 32.099998 0 1
73 618 4.654167 31.9 0 1
31 610 4.941667 31.9 0 1
37 654 4.75 32.299999 0 1
97 633 3.945833 32.799999 0 1
29 615 4.525 32.400002 0 1
72 660 4.0375 32.900002 0 1
11 663 4.566667 32.5 0 1
112 636 3.3875 33.400002 0 1
89 634 3.766667 33.099998 0 1
114 650 3.320833 33.599998 0 1
91 649 3.633333 33.400002 0 1
106 620 2.825 34.099998 0 1
114 634 3.1875 33.599998 0 1
127 630 2.579167 34.700001 0 1
136 645 2.883333 34 0 1
155 585 1.729167 35.700001 0 1
125 599 2.15 35.299999 0 1
158 603 1.6375 35.900002 0 1
151 614 2.004167 35.299999 0 1
52 668 3.845833 33.400002 0 1
69 639 3.1125 34.400002 0 1
81 653 3.304167 34 0 1
93 616 2.329167 35.599998 0 1
76 624 2.754167 35.099998 0 1
216 619 1.079167 36.299999 0 1
109 608 2.016667 35.900002 0 1
5 503 2.245833 34.700001 0 1
56 519 2.208333 34.700001 0 1
5 514 1.516667 35.400002 0 0
10 496 2.004167 34.900002 0 1
107 520 0.3125 36.700001 0 1
59 529 0.85 36.099998 0 1
32 466 2.2 34.799999 0 1
127 511 1.875 34.799999 0 1
95 511 1.5125 35.799999 0 1
123 534 1.683333 35.400002 0 1
60 488 1.3 35.700001 0 1
20 460 1.875 35.200001 0 1
120 509 0.829167 36.400002 0 1
98 508 1.254167 36 0 1
124 514 0.341667 36.700001 0 1
96 507 0.754167 36.200001 0 1
145 523 0.1125 37.099998 0 1
165 526 0.254167 36.799999 0 1
224 496 -1.158333 38.5 0 1
168 508 -0.3625 37.599998 0 1
229 517 -1.275 38.700001 0 1
214 532 -0.720833 38 0 1
330 471 -2.458333 39.5 0 1
208 477 -1.379167 39 0 1
288 462 -2.095833 38.900002 0 1
306 490 -2.0125 38.900002 0 1
337 452 -3.1125 39.5 0 0
341 455 -2.883333 39.700001 0 1
323 427 -2.5 37.200001 0 1
228 422 -1.9625 38.299999 0 1
197 500 -2.308333 36.5 0 0
326 460 -3.108333 38.700001 0 0
595 501 -3.679167 33.700001 0 0
428 449 -2.995833 35.900002 0 1
280 573 -2.675 34.900002 0 0
354 483 -2.4 32.5 0 1
198 556 0.745833 36.599998 0 1
143 559 1.341667 36.400002 0 1
175 578 0.795833 36.599998 0 1
186 591 1.0875 36.400002 0 1
197 548 0.258333 36.799999 0 1
181 550 0.620833 36.700001 0 1
244 581 -0.066667 36.599998 0 1
243 587 0.220833 36.599998 0 1
293 552 -0.804167 37.299999 0 1
256 553 -0.3875 37.099998 0 1
291 570 -0.75 36.299999 0 1
253 571 -0.366667 36.5 0 1
208 498 -0.95 37.299999 0 1
181 518 -0.516667 37.299999 0 1
315 529 -1.208333 35.200001 0 1
208 532 -0.520833 35.799999 0 1
346 468 -2.025 36.599998 0 1
259 475 -1.445833 37 0 1
311 494 -1.229167 33.299999 0 1
243 499 -0.866667 34.599998 0 1
187 420 -0.954167 33.400002 0 1
135 409 -0.920833 35.599998 0 1
161 460 -0.008333 29.1 0 1
203 467 -0.458333 31.200001 0 1
174 439 -0.3375 28.9 0 1
297 443 -1.354167 31.700001 0 1
126 480 0.658333 25 0 1
129 459 0.341667 27.5 0 1
285 531 -0.0375 23.299999 0 0
196 591 0.545833 36.599998 0 1
168 595 1.004167 36.599998 0 1
247 586 -0.208333 36.5 0 1
250 595 0.054167 36.599998 0 1
284 573 -0.791667 36 0 1
266 583 -0.558333 36.299999 0 1
307 541 -1.1125 34 0 1
282 529 -0.954167 33 0 1
78 626 2.341667 35.299999 0 1
154 627 1.5625 36.099998 0 1
133 639 1.866667 35.700001 0 1
211 616 0.925 36.599998 0 1
189 624 1.2375 36.400002 0 1
183 619 1.220833 36.099998 0 1
183 635 1.445833 35.799999 0 1
196 607 0.941667 36.400002 0 1
192 577 0.391667 36.700001 0 0
242 604 0.466667 36.799999 0 1
123 526 0.5 24.200001 0 0
122 561 0.9125 20.1 0 0
